Ages
68.0
62.0
65.0
69.0
62.0
67.0
70.0
64.0
64.0
67.0
65.0
70.0
64.0
69.0
72.0
67.0
62.0
69.0
58.0
65.0
73.0
58.0
69.0
67.0
62.0
64.0
69.0
54.0
69.0
70.0
70.0
65.0
57.0
62.0
69.0
70.0
65.0
72.0
75.0
54.0
64.0
72.0
64.0
65.0
58.0
62.0
67.0
54.0
69.0
62.0
64.0
16.0
71.0
65.0
69.0
72.0
64.0
70.0
62.0
75.0
69.0
62.0
67.0
65.0
67.0
67.0
67.0
67.0
77.0
67.23
62.0
67.0
60.0
77.0
67.0
66.0
69.0
62.0
60.0
64.0
72.0
67.0
65.0
62.0
75.0
63.0
78.0
62.0
69.0
60.0
58.0
67.0
67.0
67.23
54.0
65.0
65.0
62.0
63.0
54.0
Calculated Mean is:  65.2246