Ages
69.0
158.0
62.0
69.0
64.0
60.0
72.0
68.0
77.0
67.0
66.0
58.0
70.0
63.0
65.0
67.0
65.0
65.0
64.0
69.0
60.0
66.0
68.0
66.0
75.0
64.0
65.0
58.0
65.0
64.0
65.0
62.0
66.0
62.0
67.0
61.0
67.0
58.0
75.0
64.0
72.0
57.0
60.0
158.0
69.0
62.0
58.0
70.0
158.0
65.0
68.0
72.0
66.0
70.0
71.0
61.0
68.0
68.0
65.0
67.0
62.0
71.0
55.0
58.0
57.0
61.0
75.0
78.0
61.0
63.0
62.0
75.0
64.0
66.0
75.0
69.0
51.0
66.0
74.0
57.0
68.0
78.0
69.0
63.0
68.0
69.0
72.0
67.0
59.0
65.0
71.0
51.0
69.0
77.0
65.0
58.0
62.0
62.0
58.0
62.0
Calculated Mean is:  68.34