Ages
69.0
68.0
58.0
66.0
68.0
75.0
64.0
66.0
62.0
66.0
65.0
67.0
65.0
75.0
66.0
68.0
57.0
66.0
63.0
75.0
69.0
60.0
65.0
63.0
69.0
64.0
66.0
71.0
75.0
72.0
71.0
64.0
66.0
69.0
70.0
58.0
72.0
70.0
65.0
72.0
69.0
67.0
64.0
61.0
62.0
65.0
65.0
62.0
57.0
68.0
67.0
68.0
67.0
72.0
66.0
62.0
64.0
64.0
69.0
67.0
62.0
64.0
65.0
70.0
75.0
78.0
55.0
68.0
72.0
69.0
54.0
65.0
67.0
64.0
69.0
75.0
65.0
64.0
62.0
16.0
66.0
68.0
62.0
62.0
62.0
67.0
71.0
63.0
75.0
65.0
67.0
60.0
75.0
65.0
58.0
64.0
75.0
61.0
75.0
62.0
Calculated Mean is:  65.88