Ages
74.0
75.0
66.0
65.0
66.0
63.0
64.0
71.0
75.0
63.0
64.0
64.0
70.0
58.0
69.0
63.0
77.0
64.0
63.0
70.0
69.0
62.0
69.0
62.0
57.0
62.0
66.0
65.0
65.0
67.0
54.0
58.0
62.0
67.0
72.0
63.0
65.0
65.0
64.0
69.0
67.0
68.0
67.0
63.0
75.0
55.0
72.0
65.0
65.0
66.0
62.0
58.0
63.0
70.0
55.0
69.0
63.0
55.0
58.0
62.0
69.0
69.0
62.0
71.0
66.0
61.0
63.0
67.0
62.0
69.0
68.0
74.0
69.0
65.0
67.0
51.0
65.0
58.0
66.0
60.0
58.0
70.0
72.0
61.0
63.0
66.0
65.0
77.0
69.0
62.0
59.0
70.0
60.0
60.0
65.0
77.0
54.0
70.0
62.0
75.0
Calculated Mean is:  65.22