Ages
61.0
65.0
69.0
75.0
67.0
61.0
64.0
64.0
62.0
73.0
77.0
54.0
62.0
72.0
70.0
64.0
70.0
62.0
69.0
66.0
62.0
66.0
78.0
69.0
72.0
69.0
16.0
65.0
64.0
69.0
62.0
69.0
66.0
63.0
54.0
74.0
62.0
67.0
61.0
61.0
67.0
69.0
60.0
78.0
69.0
62.0
58.0
64.0
69.0
61.0
74.0
61.0
59.0
67.0
63.0
72.0
67.0
62.0
70.0
68.0
63.0
66.0
75.0
72.0
67.0
62.0
74.0
72.0
63.0
74.0
62.0
65.0
63.0
75.0
66.0
67.0
69.0
67.0
69.0
70.0
75.0
68.0
70.0
67.0
66.0
64.0
75.0
158.0
65.0
70.0
67.0
72.0
66.0
64.0
60.0
58.0
72.0
64.0
75.0
70.0
Calculated Mean is:  67.23